0 0.4656726768377254 0.668200408997955 0.1449375866851595 0.6022494887525562
0 0.720873786407767 0.679959100204499 0.1796116504854369 0.45807770961145194
0 0.24133148404993066 0.4340490797546012 0.14979195561719832 0.5245398773006135
0 0.6235851213592233 0.34974386503067484 0.13356346047156728 0.20588241308793456
0 0.487397746185853 0.2838873108384458 0.07983557558945908 0.15345237218813906
0 0.35862655339805827 0.21355505623721885 0.10147366158113731 0.14833774028629856
0 0.4561971775312067 0.20396442229038855 0.06417984743411928 0.1342715644171779
0 0.8013805755894592 0.2103580572597137 0.06071065187239944 0.19565216768916158
0 0.735899854368932 0.1624041155419223 0.06331263522884882 0.17902816973415134
0 0.6756227669902912 0.16112524028629857 0.062445173370319004 0.19437324130879344
0 0.5880259292649098 0.20204595603271985 0.11274850208044382 0.2685420347648262
0 0.28224687933425796 0.2890380572597137 0.10679611650485436 0.44441877300613497
0 0.0799365811373093 0.1543133946830266 0.08076067961165048 0.2916165644171779
0 0.14215530513176144 0.2618468353783231 0.09312212205270459 0.36330512269938653
0 0.7420915464632455 0.34872418200409 0.10795560332871011 0.16281895705521474
0 0.5079575416088766 0.5110060429447852 0.1699115464632455 0.2777772801635992
