0 0.361906634746922 0.658093656716418 0.36606634746922023 0.5143718905472637
0 0.7711313235294118 0.6580937810945274 0.3442270930232558 0.6626323383084578
0 0.18205168262653898 0.5516482537313432 0.3505055540355677 0.40219799999999994
0 0.5352014363885088 0.2719781044776119 0.17298700410396717 0.23846170149253731
0 0.07969475718194254 0.27692307462686566 0.15938951436388507 0.243956039800995
0 0.17401689808481532 0.1867131592039801 0.1461358344733242 0.19720253731343282
0 0.37687636114911083 0.16503498009950252 0.09229652530779754 0.18741262686567164
0 0.4821514056087552 0.18321691542288554 0.09902647742818058 0.1986009950248756
0 0.6479965800273597 0.30769243283582093 0.24227770177838576 0.3104897611940299
0 0.6119432147742818 0.44195820895522386 0.24708484268125855 0.3496497512437811
0 0.3970659370725034 0.34195784079601993 0.1769009575923393 0.2867136915422886
