0 0.441501796875 0.28489209259259257 0.05422661458333333 0.09784174074074073
0 0.5705934895833333 0.26618703703703706 0.0453234375 0.08057592592592593
0 0.6527429687499999 0.28705046296296294 0.0558453125 0.10791388888888889
0 0.91875 0.8622222222222222 0.16125 0.2733333333333333
0 0.7846875 0.6044444444444446 0.165625 0.21777777777777776
0 0.925 0.40777777777777774 0.1075 0.1688888888888889
0 0.6050000000000001 0.31333333333333335 0.07125000000000001 0.12
0 0.5496875 0.35055555555555556 0.095625 0.14333333333333334
0 0.36968750000000006 0.3244444444444445 0.050625 0.09555555555555556
0 0.3228125 0.3455555555555556 0.076875 0.12666666666666668
0 0.26 0.3283333333333333 0.06375 0.13
0 0.47906250000000006 0.4144444444444444 0.098125 0.12444444444444445
