0 0.45526067708333334 0.23525185185185185 0.047751562500000004 0.07625925925925926
0 0.38565651041666665 0.31151064814814816 0.0623203125 0.09640277777777777
0 0.3014838541666666 0.4 0.08660104166666667 0.2014388888888889
0 0.21164564322916665 0.4568347222222222 0.09145691145833333 0.2460435185185185
0 0.1558003307291667 0.3985611851851852 0.059082671875000006 0.14100725925925925
0 0.39617810416666666 0.7266188333333333 0.14811141666666666 0.4345321111111111
0 0.6102518229166666 0.34604305555555553 0.0598921875 0.16834537037037037
0 0.5204135416666666 0.33309354629629634 0.06960416666666666 0.1366906851851852
0 0.4058901041666667 0.26330929629629635 0.038039583333333335 0.0834537037037037
0 0.5718074427083334 0.419424537037037 0.07203259375 0.16258981481481483
0 0.5074640286458333 0.6697842916666666 0.11492805729166666 0.5223019166666666
0 0.7219424479166666 0.25035972222222225 0.0404671875 0.08345277777777778
0 0.6972572916666667 0.27697824074074073 0.03480208333333333 0.10503611111111111
0 0.93075546875 0.5143884259259259 0.08902864583333334 0.1913675925925926
0 0.8113760416666668 0.4129495092592592 0.08336354166666667 0.15539542592592592
0 0.9339929687499999 0.6848921296296296 0.13111510416666666 0.2964027777777778
0 0.1666800078125 0.25444156481481484 0.06353084895833333 0.10532983333333333
