0 0.30568300000000004 0.74226 0.228231 0.44117600000000007
0 0.7833354720439963 0.5779512383900929 0.23209899175068743 0.33407585139318885
0 0.591128070577452 0.7399775541795666 0.18924055912007334 0.44877554179566564
0 0.6969577039413383 0.5144767801857585 0.10813722273143905 0.24721671826625385
0 0.446395980751604 0.5723832198142416 0.15693122823098077 0.34521188854489165
0 0.2832295050412466 0.36777743034055727 0.050658826764436296 0.1599993188854489
0 0.7950818835930339 0.37888914860681117 0.1111866819431714 0.1755560681114551
0 0.6401444637946838 0.32222188080495356 0.06842274977085243 0.11111041795665635
0 0.5158661594867094 0.3316546517027864 0.06389737855178736 0.11079131578947368
0 0.4673038496791934 0.30647513157894735 0.0656012832263978 0.10935314241486067
