0 0.16788002000000002 0.4951361344019729 0.20953436 0.24708161528976574
0 0.367948036 0.5350194143033292 0.236041672 0.2762645006165228
0 0.663315988 0.6488325955610357 0.296630424 0.394941467324291
0 0.870957396 0.5768483353884094 0.23982839199999997 0.3326855733662145
0 0.6710159800000001 0.42023366214549934 0.16257764 0.18287916152897657
0 0.11360320000000002 0.7616732429099876 0.21458400000000002 0.41828853267570903
0 0.445450748 0.3017244143033292 0.123847304 0.3891627620221948
0 0.5185608 0.4889164426633785 0.1310384 0.24876884093711468
0 0.0687152 0.42610850801479655 0.1198528 0.24876942046855735
0 0.2425008 0.4002459926017262 0.1190528 0.15270900123304562
