0 0.048177083333333336 0.3287037037037037 0.0859375 0.4097222222222222
0 0.16276041666666666 0.19270833333333334 0.09635416666666667 0.16782407407407407
0 0.109375 0.25810185185185186 0.12760416666666666 0.19444444444444445
0 0.11197916666666667 0.3454861111111111 0.15885416666666666 0.19560185185185186
0 0.279296875 0.3020833333333333 0.10546875 0.19907407407407407
0 0.19140625 0.5572916666666666 0.15104166666666666 0.5104166666666666
0 0.3841145833333333 0.3854166666666667 0.12760416666666666 0.23148148148148148
0 0.4052734375 0.7731481481481481 0.201171875 0.4583333333333333
0 0.2932942708333333 0.19849537037037038 0.06705729166666667 0.20717592592592593
0 0.3483072916666667 0.2309027777777778 0.08333333333333333 0.2743055555555556
0 0.4873046875 0.2777777777777778 0.080078125 0.1875
0 0.6217447916666666 0.4444444444444444 0.13020833333333334 0.4398148148148148
0 0.7180989583333334 0.328125 0.09505208333333333 0.1724537037037037
0 0.931640625 0.3912037037037037 0.09765625 0.19444444444444445
0 0.5826822916666666 0.14756944444444445 0.053385416666666664 0.13310185185185186
0 0.6598307291666666 0.17592592592592593 0.059244791666666664 0.13657407407407407
0 0.7740885416666666 0.21122685185185186 0.059895833333333336 0.15856481481481483
0 0.9404296875 0.2708333333333333 0.09049479166666667 0.18518518518518517
0 0.974609375 0.2586805555555556 0.05078125 0.16087962962962962
